Time 0
Waiting clients: (48,3,6); (29,4,4); (50,5,2); (3,6,4); (10,6,5); (11,6,2); (33,6,5); (44,6,3); (18,8,4); (24,8,1); (25,8,1); (5,11,4); (12,11,3); (41,12,3); (4,13,6); (19,15,2); (36,15,5); (14,17,4); (17,17,2); (22,17,3); (23,18,6); (30,18,6); (47,19,2); (6,21,1); (39,21,1); (45,21,6); (28,22,5); (8,23,6); (27,23,2); (9,24,1); (13,24,5); (32,24,3); (42,24,5); (26,25,5); (16,26,5); (20,26,4); (7,27,4); (31,29,1); (38,29,4); (46,30,2); (15,31,6); (21,32,5); (40,33,4); (49,34,3); (35,36,1); (43,36,2); (1,37,1); (2,37,5); (34,38,6); (37,38,5); 
Queue 1:closed
Queue 2:closed
Queue 3:closed
Queue 4:closed
Queue 5:closed

Time 1
Waiting clients: (48,3,6); (29,4,4); (50,5,2); (3,6,4); (10,6,5); (11,6,2); (33,6,5); (44,6,3); (18,8,4); (24,8,1); (25,8,1); (5,11,4); (12,11,3); (41,12,3); (4,13,6); (19,15,2); (36,15,5); (14,17,4); (17,17,2); (22,17,3); (23,18,6); (30,18,6); (47,19,2); (6,21,1); (39,21,1); (45,21,6); (28,22,5); (8,23,6); (27,23,2); (9,24,1); (13,24,5); (32,24,3); (42,24,5); (26,25,5); (16,26,5); (20,26,4); (7,27,4); (31,29,1); (38,29,4); (46,30,2); (15,31,6); (21,32,5); (40,33,4); (49,34,3); (35,36,1); (43,36,2); (1,37,1); (2,37,5); (34,38,6); (37,38,5); 
Queue 1:closed
Queue 2:closed
Queue 3:closed
Queue 4:closed
Queue 5:closed

Time 2
Waiting clients: (48,3,6); (29,4,4); (50,5,2); (3,6,4); (10,6,5); (11,6,2); (33,6,5); (44,6,3); (18,8,4); (24,8,1); (25,8,1); (5,11,4); (12,11,3); (41,12,3); (4,13,6); (19,15,2); (36,15,5); (14,17,4); (17,17,2); (22,17,3); (23,18,6); (30,18,6); (47,19,2); (6,21,1); (39,21,1); (45,21,6); (28,22,5); (8,23,6); (27,23,2); (9,24,1); (13,24,5); (32,24,3); (42,24,5); (26,25,5); (16,26,5); (20,26,4); (7,27,4); (31,29,1); (38,29,4); (46,30,2); (15,31,6); (21,32,5); (40,33,4); (49,34,3); (35,36,1); (43,36,2); (1,37,1); (2,37,5); (34,38,6); (37,38,5); 
Queue 1:closed
Queue 2:closed
Queue 3:closed
Queue 4:closed
Queue 5:closed

Time 3
Waiting clients: (29,4,4); (50,5,2); (3,6,4); (10,6,5); (11,6,2); (33,6,5); (44,6,3); (18,8,4); (24,8,1); (25,8,1); (5,11,4); (12,11,3); (41,12,3); (4,13,6); (19,15,2); (36,15,5); (14,17,4); (17,17,2); (22,17,3); (23,18,6); (30,18,6); (47,19,2); (6,21,1); (39,21,1); (45,21,6); (28,22,5); (8,23,6); (27,23,2); (9,24,1); (13,24,5); (32,24,3); (42,24,5); (26,25,5); (16,26,5); (20,26,4); (7,27,4); (31,29,1); (38,29,4); (46,30,2); (15,31,6); (21,32,5); (40,33,4); (49,34,3); (35,36,1); (43,36,2); (1,37,1); (2,37,5); (34,38,6); (37,38,5); 
Queue 1:(48,3,6); 
Queue 2:closed
Queue 3:closed
Queue 4:closed
Queue 5:closed

Time 4
Waiting clients: (50,5,2); (3,6,4); (10,6,5); (11,6,2); (33,6,5); (44,6,3); (18,8,4); (24,8,1); (25,8,1); (5,11,4); (12,11,3); (41,12,3); (4,13,6); (19,15,2); (36,15,5); (14,17,4); (17,17,2); (22,17,3); (23,18,6); (30,18,6); (47,19,2); (6,21,1); (39,21,1); (45,21,6); (28,22,5); (8,23,6); (27,23,2); (9,24,1); (13,24,5); (32,24,3); (42,24,5); (26,25,5); (16,26,5); (20,26,4); (7,27,4); (31,29,1); (38,29,4); (46,30,2); (15,31,6); (21,32,5); (40,33,4); (49,34,3); (35,36,1); (43,36,2); (1,37,1); (2,37,5); (34,38,6); (37,38,5); 
Queue 1:(48,3,5); 
Queue 2:(29,4,4); 
Queue 3:closed
Queue 4:closed
Queue 5:closed

Time 5
Waiting clients: (3,6,4); (10,6,5); (11,6,2); (33,6,5); (44,6,3); (18,8,4); (24,8,1); (25,8,1); (5,11,4); (12,11,3); (41,12,3); (4,13,6); (19,15,2); (36,15,5); (14,17,4); (17,17,2); (22,17,3); (23,18,6); (30,18,6); (47,19,2); (6,21,1); (39,21,1); (45,21,6); (28,22,5); (8,23,6); (27,23,2); (9,24,1); (13,24,5); (32,24,3); (42,24,5); (26,25,5); (16,26,5); (20,26,4); (7,27,4); (31,29,1); (38,29,4); (46,30,2); (15,31,6); (21,32,5); (40,33,4); (49,34,3); (35,36,1); (43,36,2); (1,37,1); (2,37,5); (34,38,6); (37,38,5); 
Queue 1:(48,3,4); 
Queue 2:(29,4,3); 
Queue 3:(50,5,2); 
Queue 4:closed
Queue 5:closed

Time 6
Waiting clients: (18,8,4); (24,8,1); (25,8,1); (5,11,4); (12,11,3); (41,12,3); (4,13,6); (19,15,2); (36,15,5); (14,17,4); (17,17,2); (22,17,3); (23,18,6); (30,18,6); (47,19,2); (6,21,1); (39,21,1); (45,21,6); (28,22,5); (8,23,6); (27,23,2); (9,24,1); (13,24,5); (32,24,3); (42,24,5); (26,25,5); (16,26,5); (20,26,4); (7,27,4); (31,29,1); (38,29,4); (46,30,2); (15,31,6); (21,32,5); (40,33,4); (49,34,3); (35,36,1); (43,36,2); (1,37,1); (2,37,5); (34,38,6); (37,38,5); 
Queue 1:(48,3,3); (11,6,2); 
Queue 2:(29,4,2); (33,6,5); 
Queue 3:(50,5,1); (44,6,3); 
Queue 4:(3,6,4); 
Queue 5:(10,6,5); 

Time 7
Waiting clients: (18,8,4); (24,8,1); (25,8,1); (5,11,4); (12,11,3); (41,12,3); (4,13,6); (19,15,2); (36,15,5); (14,17,4); (17,17,2); (22,17,3); (23,18,6); (30,18,6); (47,19,2); (6,21,1); (39,21,1); (45,21,6); (28,22,5); (8,23,6); (27,23,2); (9,24,1); (13,24,5); (32,24,3); (42,24,5); (26,25,5); (16,26,5); (20,26,4); (7,27,4); (31,29,1); (38,29,4); (46,30,2); (15,31,6); (21,32,5); (40,33,4); (49,34,3); (35,36,1); (43,36,2); (1,37,1); (2,37,5); (34,38,6); (37,38,5); 
Queue 1:(48,3,2); (11,6,2); 
Queue 2:(29,4,1); (33,6,5); 
Queue 3:(44,6,3); 
Queue 4:(3,6,3); 
Queue 5:(10,6,4); 

Time 8
Waiting clients: (5,11,4); (12,11,3); (41,12,3); (4,13,6); (19,15,2); (36,15,5); (14,17,4); (17,17,2); (22,17,3); (23,18,6); (30,18,6); (47,19,2); (6,21,1); (39,21,1); (45,21,6); (28,22,5); (8,23,6); (27,23,2); (9,24,1); (13,24,5); (32,24,3); (42,24,5); (26,25,5); (16,26,5); (20,26,4); (7,27,4); (31,29,1); (38,29,4); (46,30,2); (15,31,6); (21,32,5); (40,33,4); (49,34,3); (35,36,1); (43,36,2); (1,37,1); (2,37,5); (34,38,6); (37,38,5); 
Queue 1:(48,3,1); (11,6,2); 
Queue 2:(33,6,5); (18,8,4); 
Queue 3:(44,6,2); (24,8,1); 
Queue 4:(3,6,2); (25,8,1); 
Queue 5:(10,6,3); 

Time 9
Waiting clients: (5,11,4); (12,11,3); (41,12,3); (4,13,6); (19,15,2); (36,15,5); (14,17,4); (17,17,2); (22,17,3); (23,18,6); (30,18,6); (47,19,2); (6,21,1); (39,21,1); (45,21,6); (28,22,5); (8,23,6); (27,23,2); (9,24,1); (13,24,5); (32,24,3); (42,24,5); (26,25,5); (16,26,5); (20,26,4); (7,27,4); (31,29,1); (38,29,4); (46,30,2); (15,31,6); (21,32,5); (40,33,4); (49,34,3); (35,36,1); (43,36,2); (1,37,1); (2,37,5); (34,38,6); (37,38,5); 
Queue 1:(11,6,2); 
Queue 2:(33,6,4); (18,8,4); 
Queue 3:(44,6,1); (24,8,1); 
Queue 4:(3,6,1); (25,8,1); 
Queue 5:(10,6,2); 

Time 10
Waiting clients: (5,11,4); (12,11,3); (41,12,3); (4,13,6); (19,15,2); (36,15,5); (14,17,4); (17,17,2); (22,17,3); (23,18,6); (30,18,6); (47,19,2); (6,21,1); (39,21,1); (45,21,6); (28,22,5); (8,23,6); (27,23,2); (9,24,1); (13,24,5); (32,24,3); (42,24,5); (26,25,5); (16,26,5); (20,26,4); (7,27,4); (31,29,1); (38,29,4); (46,30,2); (15,31,6); (21,32,5); (40,33,4); (49,34,3); (35,36,1); (43,36,2); (1,37,1); (2,37,5); (34,38,6); (37,38,5); 
Queue 1:(11,6,1); 
Queue 2:(33,6,3); (18,8,4); 
Queue 3:(24,8,1); 
Queue 4:(25,8,1); 
Queue 5:(10,6,1); 

Time 11
Waiting clients: (41,12,3); (4,13,6); (19,15,2); (36,15,5); (14,17,4); (17,17,2); (22,17,3); (23,18,6); (30,18,6); (47,19,2); (6,21,1); (39,21,1); (45,21,6); (28,22,5); (8,23,6); (27,23,2); (9,24,1); (13,24,5); (32,24,3); (42,24,5); (26,25,5); (16,26,5); (20,26,4); (7,27,4); (31,29,1); (38,29,4); (46,30,2); (15,31,6); (21,32,5); (40,33,4); (49,34,3); (35,36,1); (43,36,2); (1,37,1); (2,37,5); (34,38,6); (37,38,5); 
Queue 1:(5,11,4); 
Queue 2:(33,6,2); (18,8,4); 
Queue 3:(12,11,3); 
Queue 4:closed
Queue 5:closed

Time 12
Waiting clients: (4,13,6); (19,15,2); (36,15,5); (14,17,4); (17,17,2); (22,17,3); (23,18,6); (30,18,6); (47,19,2); (6,21,1); (39,21,1); (45,21,6); (28,22,5); (8,23,6); (27,23,2); (9,24,1); (13,24,5); (32,24,3); (42,24,5); (26,25,5); (16,26,5); (20,26,4); (7,27,4); (31,29,1); (38,29,4); (46,30,2); (15,31,6); (21,32,5); (40,33,4); (49,34,3); (35,36,1); (43,36,2); (1,37,1); (2,37,5); (34,38,6); (37,38,5); 
Queue 1:(5,11,3); 
Queue 2:(33,6,1); (18,8,4); 
Queue 3:(12,11,2); 
Queue 4:(41,12,3); 
Queue 5:closed

Time 13
Waiting clients: (19,15,2); (36,15,5); (14,17,4); (17,17,2); (22,17,3); (23,18,6); (30,18,6); (47,19,2); (6,21,1); (39,21,1); (45,21,6); (28,22,5); (8,23,6); (27,23,2); (9,24,1); (13,24,5); (32,24,3); (42,24,5); (26,25,5); (16,26,5); (20,26,4); (7,27,4); (31,29,1); (38,29,4); (46,30,2); (15,31,6); (21,32,5); (40,33,4); (49,34,3); (35,36,1); (43,36,2); (1,37,1); (2,37,5); (34,38,6); (37,38,5); 
Queue 1:(5,11,2); 
Queue 2:(18,8,4); 
Queue 3:(12,11,1); 
Queue 4:(41,12,2); 
Queue 5:(4,13,6); 

Time 14
Waiting clients: (19,15,2); (36,15,5); (14,17,4); (17,17,2); (22,17,3); (23,18,6); (30,18,6); (47,19,2); (6,21,1); (39,21,1); (45,21,6); (28,22,5); (8,23,6); (27,23,2); (9,24,1); (13,24,5); (32,24,3); (42,24,5); (26,25,5); (16,26,5); (20,26,4); (7,27,4); (31,29,1); (38,29,4); (46,30,2); (15,31,6); (21,32,5); (40,33,4); (49,34,3); (35,36,1); (43,36,2); (1,37,1); (2,37,5); (34,38,6); (37,38,5); 
Queue 1:(5,11,1); 
Queue 2:(18,8,3); 
Queue 3:closed
Queue 4:(41,12,1); 
Queue 5:(4,13,5); 

Time 15
Waiting clients: (14,17,4); (17,17,2); (22,17,3); (23,18,6); (30,18,6); (47,19,2); (6,21,1); (39,21,1); (45,21,6); (28,22,5); (8,23,6); (27,23,2); (9,24,1); (13,24,5); (32,24,3); (42,24,5); (26,25,5); (16,26,5); (20,26,4); (7,27,4); (31,29,1); (38,29,4); (46,30,2); (15,31,6); (21,32,5); (40,33,4); (49,34,3); (35,36,1); (43,36,2); (1,37,1); (2,37,5); (34,38,6); (37,38,5); 
Queue 1:(19,15,2); 
Queue 2:(18,8,2); 
Queue 3:(36,15,5); 
Queue 4:closed
Queue 5:(4,13,4); 

Time 16
Waiting clients: (14,17,4); (17,17,2); (22,17,3); (23,18,6); (30,18,6); (47,19,2); (6,21,1); (39,21,1); (45,21,6); (28,22,5); (8,23,6); (27,23,2); (9,24,1); (13,24,5); (32,24,3); (42,24,5); (26,25,5); (16,26,5); (20,26,4); (7,27,4); (31,29,1); (38,29,4); (46,30,2); (15,31,6); (21,32,5); (40,33,4); (49,34,3); (35,36,1); (43,36,2); (1,37,1); (2,37,5); (34,38,6); (37,38,5); 
Queue 1:(19,15,1); 
Queue 2:(18,8,1); 
Queue 3:(36,15,4); 
Queue 4:closed
Queue 5:(4,13,3); 

Time 17
Waiting clients: (23,18,6); (30,18,6); (47,19,2); (6,21,1); (39,21,1); (45,21,6); (28,22,5); (8,23,6); (27,23,2); (9,24,1); (13,24,5); (32,24,3); (42,24,5); (26,25,5); (16,26,5); (20,26,4); (7,27,4); (31,29,1); (38,29,4); (46,30,2); (15,31,6); (21,32,5); (40,33,4); (49,34,3); (35,36,1); (43,36,2); (1,37,1); (2,37,5); (34,38,6); (37,38,5); 
Queue 1:(14,17,4); 
Queue 2:(17,17,2); 
Queue 3:(36,15,3); 
Queue 4:(22,17,3); 
Queue 5:(4,13,2); 

Time 18
Waiting clients: (47,19,2); (6,21,1); (39,21,1); (45,21,6); (28,22,5); (8,23,6); (27,23,2); (9,24,1); (13,24,5); (32,24,3); (42,24,5); (26,25,5); (16,26,5); (20,26,4); (7,27,4); (31,29,1); (38,29,4); (46,30,2); (15,31,6); (21,32,5); (40,33,4); (49,34,3); (35,36,1); (43,36,2); (1,37,1); (2,37,5); (34,38,6); (37,38,5); 
Queue 1:(14,17,3); (23,18,6); 
Queue 2:(17,17,1); (30,18,6); 
Queue 3:(36,15,2); 
Queue 4:(22,17,2); 
Queue 5:(4,13,1); 

Time 19
Waiting clients: (6,21,1); (39,21,1); (45,21,6); (28,22,5); (8,23,6); (27,23,2); (9,24,1); (13,24,5); (32,24,3); (42,24,5); (26,25,5); (16,26,5); (20,26,4); (7,27,4); (31,29,1); (38,29,4); (46,30,2); (15,31,6); (21,32,5); (40,33,4); (49,34,3); (35,36,1); (43,36,2); (1,37,1); (2,37,5); (34,38,6); (37,38,5); 
Queue 1:(14,17,2); (23,18,6); 
Queue 2:(30,18,6); 
Queue 3:(36,15,1); 
Queue 4:(22,17,1); 
Queue 5:(47,19,2); 

Time 20
Waiting clients: (6,21,1); (39,21,1); (45,21,6); (28,22,5); (8,23,6); (27,23,2); (9,24,1); (13,24,5); (32,24,3); (42,24,5); (26,25,5); (16,26,5); (20,26,4); (7,27,4); (31,29,1); (38,29,4); (46,30,2); (15,31,6); (21,32,5); (40,33,4); (49,34,3); (35,36,1); (43,36,2); (1,37,1); (2,37,5); (34,38,6); (37,38,5); 
Queue 1:(14,17,1); (23,18,6); 
Queue 2:(30,18,5); 
Queue 3:closed
Queue 4:closed
Queue 5:(47,19,1); 

Time 21
Waiting clients: (28,22,5); (8,23,6); (27,23,2); (9,24,1); (13,24,5); (32,24,3); (42,24,5); (26,25,5); (16,26,5); (20,26,4); (7,27,4); (31,29,1); (38,29,4); (46,30,2); (15,31,6); (21,32,5); (40,33,4); (49,34,3); (35,36,1); (43,36,2); (1,37,1); (2,37,5); (34,38,6); (37,38,5); 
Queue 1:(23,18,6); 
Queue 2:(30,18,4); 
Queue 3:(6,21,1); 
Queue 4:(39,21,1); 
Queue 5:(45,21,6); 

Time 22
Waiting clients: (8,23,6); (27,23,2); (9,24,1); (13,24,5); (32,24,3); (42,24,5); (26,25,5); (16,26,5); (20,26,4); (7,27,4); (31,29,1); (38,29,4); (46,30,2); (15,31,6); (21,32,5); (40,33,4); (49,34,3); (35,36,1); (43,36,2); (1,37,1); (2,37,5); (34,38,6); (37,38,5); 
Queue 1:(23,18,5); 
Queue 2:(30,18,3); 
Queue 3:(28,22,5); 
Queue 4:closed
Queue 5:(45,21,5); 

Time 23
Waiting clients: (9,24,1); (13,24,5); (32,24,3); (42,24,5); (26,25,5); (16,26,5); (20,26,4); (7,27,4); (31,29,1); (38,29,4); (46,30,2); (15,31,6); (21,32,5); (40,33,4); (49,34,3); (35,36,1); (43,36,2); (1,37,1); (2,37,5); (34,38,6); (37,38,5); 
Queue 1:(23,18,4); (27,23,2); 
Queue 2:(30,18,2); 
Queue 3:(28,22,4); 
Queue 4:(8,23,6); 
Queue 5:(45,21,4); 

Time 24
Waiting clients: (26,25,5); (16,26,5); (20,26,4); (7,27,4); (31,29,1); (38,29,4); (46,30,2); (15,31,6); (21,32,5); (40,33,4); (49,34,3); (35,36,1); (43,36,2); (1,37,1); (2,37,5); (34,38,6); (37,38,5); 
Queue 1:(23,18,3); (27,23,2); 
Queue 2:(30,18,1); (9,24,1); 
Queue 3:(28,22,3); (13,24,5); 
Queue 4:(8,23,5); (32,24,3); 
Queue 5:(45,21,3); (42,24,5); 

Time 25
Waiting clients: (16,26,5); (20,26,4); (7,27,4); (31,29,1); (38,29,4); (46,30,2); (15,31,6); (21,32,5); (40,33,4); (49,34,3); (35,36,1); (43,36,2); (1,37,1); (2,37,5); (34,38,6); (37,38,5); 
Queue 1:(23,18,2); (27,23,2); 
Queue 2:(9,24,1); (26,25,5); 
Queue 3:(28,22,2); (13,24,5); 
Queue 4:(8,23,4); (32,24,3); 
Queue 5:(45,21,2); (42,24,5); 

Time 26
Waiting clients: (7,27,4); (31,29,1); (38,29,4); (46,30,2); (15,31,6); (21,32,5); (40,33,4); (49,34,3); (35,36,1); (43,36,2); (1,37,1); (2,37,5); (34,38,6); (37,38,5); 
Queue 1:(23,18,1); (27,23,2); (20,26,4); 
Queue 2:(26,25,5); (16,26,5); 
Queue 3:(28,22,1); (13,24,5); 
Queue 4:(8,23,3); (32,24,3); 
Queue 5:(45,21,1); (42,24,5); 

Time 27
Waiting clients: (31,29,1); (38,29,4); (46,30,2); (15,31,6); (21,32,5); (40,33,4); (49,34,3); (35,36,1); (43,36,2); (1,37,1); (2,37,5); (34,38,6); (37,38,5); 
Queue 1:(27,23,2); (20,26,4); 
Queue 2:(26,25,4); (16,26,5); 
Queue 3:(13,24,5); (7,27,4); 
Queue 4:(8,23,2); (32,24,3); 
Queue 5:(42,24,5); 

Time 28
Waiting clients: (31,29,1); (38,29,4); (46,30,2); (15,31,6); (21,32,5); (40,33,4); (49,34,3); (35,36,1); (43,36,2); (1,37,1); (2,37,5); (34,38,6); (37,38,5); 
Queue 1:(27,23,1); (20,26,4); 
Queue 2:(26,25,3); (16,26,5); 
Queue 3:(13,24,4); (7,27,4); 
Queue 4:(8,23,1); (32,24,3); 
Queue 5:(42,24,4); 

Time 29
Waiting clients: (46,30,2); (15,31,6); (21,32,5); (40,33,4); (49,34,3); (35,36,1); (43,36,2); (1,37,1); (2,37,5); (34,38,6); (37,38,5); 
Queue 1:(20,26,4); (31,29,1); 
Queue 2:(26,25,2); (16,26,5); 
Queue 3:(13,24,3); (7,27,4); 
Queue 4:(32,24,3); (38,29,4); 
Queue 5:(42,24,3); 

Time 30
Waiting clients: (15,31,6); (21,32,5); (40,33,4); (49,34,3); (35,36,1); (43,36,2); (1,37,1); (2,37,5); (34,38,6); (37,38,5); 
Queue 1:(20,26,3); (31,29,1); 
Queue 2:(26,25,1); (16,26,5); 
Queue 3:(13,24,2); (7,27,4); 
Queue 4:(32,24,2); (38,29,4); 
Queue 5:(42,24,2); (46,30,2); 

Time 31
Waiting clients: (21,32,5); (40,33,4); (49,34,3); (35,36,1); (43,36,2); (1,37,1); (2,37,5); (34,38,6); (37,38,5); 
Queue 1:(20,26,2); (31,29,1); 
Queue 2:(16,26,5); (15,31,6); 
Queue 3:(13,24,1); (7,27,4); 
Queue 4:(32,24,1); (38,29,4); 
Queue 5:(42,24,1); (46,30,2); 

Time 32
Waiting clients: (40,33,4); (49,34,3); (35,36,1); (43,36,2); (1,37,1); (2,37,5); (34,38,6); (37,38,5); 
Queue 1:(20,26,1); (31,29,1); 
Queue 2:(16,26,4); (15,31,6); 
Queue 3:(7,27,4); (21,32,5); 
Queue 4:(38,29,4); 
Queue 5:(46,30,2); 

Time 33
Waiting clients: (49,34,3); (35,36,1); (43,36,2); (1,37,1); (2,37,5); (34,38,6); (37,38,5); 
Queue 1:(31,29,1); (40,33,4); 
Queue 2:(16,26,3); (15,31,6); 
Queue 3:(7,27,3); (21,32,5); 
Queue 4:(38,29,3); 
Queue 5:(46,30,1); 

Time 34
Waiting clients: (35,36,1); (43,36,2); (1,37,1); (2,37,5); (34,38,6); (37,38,5); 
Queue 1:(40,33,4); 
Queue 2:(16,26,2); (15,31,6); 
Queue 3:(7,27,2); (21,32,5); 
Queue 4:(38,29,2); 
Queue 5:(49,34,3); 

Time 35
Waiting clients: (35,36,1); (43,36,2); (1,37,1); (2,37,5); (34,38,6); (37,38,5); 
Queue 1:(40,33,3); 
Queue 2:(16,26,1); (15,31,6); 
Queue 3:(7,27,1); (21,32,5); 
Queue 4:(38,29,1); 
Queue 5:(49,34,2); 

Time 36
Waiting clients: (1,37,1); (2,37,5); (34,38,6); (37,38,5); 
Queue 1:(40,33,2); (43,36,2); 
Queue 2:(15,31,6); 
Queue 3:(21,32,5); 
Queue 4:(35,36,1); 
Queue 5:(49,34,1); 

Time 37
Waiting clients: (34,38,6); (37,38,5); 
Queue 1:(40,33,1); (43,36,2); 
Queue 2:(15,31,5); 
Queue 3:(21,32,4); 
Queue 4:(1,37,1); 
Queue 5:(2,37,5); 

Time 38
Waiting clients: 
Queue 1:(43,36,2); (37,38,5); 
Queue 2:(15,31,4); 
Queue 3:(21,32,3); 
Queue 4:(34,38,6); 
Queue 5:(2,37,4); 

Time 39
Waiting clients: 
Queue 1:(43,36,1); (37,38,5); 
Queue 2:(15,31,3); 
Queue 3:(21,32,2); 
Queue 4:(34,38,5); 
Queue 5:(2,37,3); 

Time 40
Waiting clients: 
Queue 1:(37,38,5); 
Queue 2:(15,31,2); 
Queue 3:(21,32,1); 
Queue 4:(34,38,4); 
Queue 5:(2,37,2); 

Time 41
Waiting clients: 
Queue 1:(37,38,4); 
Queue 2:(15,31,1); 
Queue 3:closed
Queue 4:(34,38,3); 
Queue 5:(2,37,1); 

Time 42
Waiting clients: 
Queue 1:(37,38,3); 
Queue 2:closed
Queue 3:closed
Queue 4:(34,38,2); 
Queue 5:closed

Time 43
Waiting clients: 
Queue 1:(37,38,2); 
Queue 2:closed
Queue 3:closed
Queue 4:(34,38,1); 
Queue 5:closed

Time 44
Waiting clients: 
Queue 1:(37,38,1); 
Queue 2:closed
Queue 3:closed
Queue 4:closed
Queue 5:closed

Time 45
Waiting clients: 
Queue 1:closed
Queue 2:closed
Queue 3:closed
Queue 4:closed
Queue 5:closed

Time 46
Waiting clients: 
Queue 1:closed
Queue 2:closed
Queue 3:closed
Queue 4:closed
Queue 5:closed

Time 47
Waiting clients: 
Queue 1:closed
Queue 2:closed
Queue 3:closed
Queue 4:closed
Queue 5:closed

Time 48
Waiting clients: 
Queue 1:closed
Queue 2:closed
Queue 3:closed
Queue 4:closed
Queue 5:closed

Time 49
Waiting clients: 
Queue 1:closed
Queue 2:closed
Queue 3:closed
Queue 4:closed
Queue 5:closed

Time 50
Waiting clients: 
Queue 1:closed
Queue 2:closed
Queue 3:closed
Queue 4:closed
Queue 5:closed

Time 51
Waiting clients: 
Queue 1:closed
Queue 2:closed
Queue 3:closed
Queue 4:closed
Queue 5:closed

Time 52
Waiting clients: 
Queue 1:closed
Queue 2:closed
Queue 3:closed
Queue 4:closed
Queue 5:closed

Time 53
Waiting clients: 
Queue 1:closed
Queue 2:closed
Queue 3:closed
Queue 4:closed
Queue 5:closed

Time 54
Waiting clients: 
Queue 1:closed
Queue 2:closed
Queue 3:closed
Queue 4:closed
Queue 5:closed

Time 55
Waiting clients: 
Queue 1:closed
Queue 2:closed
Queue 3:closed
Queue 4:closed
Queue 5:closed

Time 56
Waiting clients: 
Queue 1:closed
Queue 2:closed
Queue 3:closed
Queue 4:closed
Queue 5:closed

Time 57
Waiting clients: 
Queue 1:closed
Queue 2:closed
Queue 3:closed
Queue 4:closed
Queue 5:closed

Time 58
Waiting clients: 
Queue 1:closed
Queue 2:closed
Queue 3:closed
Queue 4:closed
Queue 5:closed

Time 59
Waiting clients: 
Queue 1:closed
Queue 2:closed
Queue 3:closed
Queue 4:closed
Queue 5:closed


Average waiting time: 2.2527459114959116
Average service time: 3.62
Peak hour for the simulation interval: 26